19
29.16586529177545 31.229470215537265
89.65034751926841 4.842880604088958
57.196648535281355 8.565504238133999
117.10526315789474 19.999999999999986
89.07359771460396 12.370831568696753
97.58379039389365 24.340719219894172
35.235870689712016 24.559075028039334
78.4185462857492 17.81255094430529
56.82872033168708 22.69912138382543
62.734740790612136 21.674332956525056
70.46543392547619 33.87773012292094
50.73193638827934 16.437547379898522
39.386682155965914 4.287257658444824
77.6518271838667 24.71973979224692
57.91378495648845 28.602097729110206
49.35768067381273 20.641052614777596
32.69002562043006 14.990027441715021
64.06989097101851 14.387682670877561
12.239347414183968 17.33183506281758